-635898571
917997759
-743962203
-730367844
-125563369
699074937
-89896437
-1061502854
902063123
-42584830
-307297247
718763781
-367680424
391930676
-179758283
-219100479
864917580
-1024430161
75358121
-84544252
-904087134
-1004795498
1055958918
-1037554759
-587919631
-1024816945
-210948354
-434856956
349720458
-486519712
1032568733
-260346691
-437366774
-859332365
-501603862
-272840706
786740871
-964940040
-551922456
293924311
976811717
928903344
289934872
-711962990
296588891
259305696
1043726941
-260002576
856406342
309137649
-1020004983
484198402
410121671
-331868590
508466100
-495972860
764506395
-1036631478
-2486301
-898771342
911885082
601304818
270044640
146776983
-625466702
-776555032
363680132
-651629079
-31433992
-899637577
783136580
686749075
-1059977782
-402402097
-683608997
601955571
63541721
444474858
98541298
-574993732
126389556
-313948049
912522948
385111102
-1057834253
284420377
-767810209
105279335
-962498885
199918020
-47264458
505916947
-1003605816
109164600
-347864099
-137462113
806726477
-633175388
92444814
-481937554
334748989
614881295
-934062814
374581497
234526536
428516514
-277152057
302102367
-844939116
834980164
817634600
416218456
750576117
375365964
-145650811
-174754195
689404664
-785674031
-946679676
-580570898
-366109268
-680912206
724778753
-458553290
692933409
-209846456
-1012081298
-769890545
-1042200588
-425139552
-511174924
268505551
-493142133
-738231777
-1001311503
378796234
-815738501
568148799
-265513500
-397143401
-553947871
-12533223
-753219274
457063891
-559110655
513361603
-987935810
-267834345
-924334061
-5292875
-1014158911
580670368
-1013861296
-831520810
554982776
-317003264
625476655
-326747290
-1059391752
687597043
-800033092
801624215
-728167174
264767971
82945054
933381040
-94473073
-684263781
-468321738
-137448520
82309
-1031519230
909771056
917919570
-12316886
-990534276
700901129
-1039105034
-152760432
-139783640
521819234
73612265
-102308655
-286132032
1067223223
-231783355
126107759
-378242945
140885504
-172964980
459230332
-440556435
538170787
339568561
111008425
-525611733
-1030665009
6886467
667115008
-645278972
-995199009
674896169
540649987
917012675
747505433
248901689
865696574
-948900552
453366679
-449870872
233031488
-418847326
-986385873
-580911705
-1023617556
750936324
78647558
544414612
-220585914
632223918
264575658
512757515
452196857
-992973899
980886318
629662515
1051459647
226437240
871603203
-1041077533
897143769
-171974732
190959697
-350046510
382441331
476126692
-502421241
-631499800
-390743740
819588650
269400467
835752440
-409894204
-788364267
598512498
-1072557847
-236129994
719318537
182543177
952031336
-583903944
-556019686
-511978381
726840514
882654117
-253680425
-847168208
-718954939
623255016
217516299
110171094
599844532
508221868
-32338572
472558074
-657199173
-125701713
-201813869
-908709615
-1053726318
1066177974
388538777
659687180
-732030771
264467043
-269882843
-972731820
-631626507
-894022963
-810344223
-736578137
-512889317
-1064413416
977699657
683066680
-572298221
-926650934
1039849674
739516921
-1045097487
635171741
-1060471777
-520006051
844842672
-185363455
31550816
-320419155
1057048323
-753090242
-310153734
-701757148
428521524
-812974996
-482140009
-802469311
-655186943
852223580
883111227
-822982400
866977982
408491752
-329606531
-1003397524
-321654838
-789266903
-594233348
-774248621
-553055232
23202888
78033173
-301142201
605347668
-232103532
349351528
-417651310
-798201322
171984591
819081414
-310961969
367419337
-143577622
268462875
-996492339
-519510262
347535818
1008575579
-83807865
679009909
798641784
-171662763
209052004
775138169
-487151238
801840107
421122919
-564359011
-695123285
551957216
-425700157
-947483749
-804015256
487323255
811852716
-595346504
588998603
1043000713
-569089093
-941404181
858707537
-571430712
266312259
359071054
-477528003
7888150
169145025
-707199682
-36718133
299533771
-379221365
634098520
-908379400
1052151485
738297300
669719625
-974031143
971998855
49523472
262906753
668253320
-269166240
171722694
-918879756
205594443
-99610018
-179544812
532710371
-75094387
441493081
-257813767
-82634896
789464677
583976515
-261655196
-366017896
-859496510
-383895257
-552306615
802431422
443385988
-924172746
506807244
-355095089
-65512458
1054046043
244697184
1002736195
-435350799
-825697447
-600597720
-172155938
-1013636108
926199884
360127105
-129915280
825961483
-461992549
609540515
-1003867308
-902898204
776168986
320361792
903020461
765377419
581212854
498659381
181564075
-906455787
7279711
-340117841
-106980412
-383659464
86730369
-306681019
632436979
-371686994
-662177451
1021467431
583353496
126759399
697187168
29456939
100994202
187535674
-795375
-758036750
873582569
1012651455
-704573072
713488227
786425075
-337187311
-979052125
126512413
513697742
-181307001
-311404849
16871638
753758456
495814702
810689476
334378972
164418206
-979950866
353024048
767700757
365715418
-239100887
-797781533
-77197232
891730526
-1000691692
-271783924
-887603722
999270632
480132157
645571734
-626890927
815723966
723925090
-191928558
981955768
-522136600
-307439848
836292249
32160819
-944451836
684254393
51792915
-435061397
-633061336
530759949
-583484213
-478173728
469323039
-156162382
-56423402
97574212
687828406
-542196814
478469684
-24192517
192314027
-501651120
-997703127
577109203
1008813084
-861111018
824929287
255407545
528002777
426152051
759134080
750137237
606886775
-825476870
690303412
-332741385
-533081011
775455011
-159323277
595377160
635651022
-936630258
-851553217
440716010
166638228
-592664121
551377786
-550640585
951504268
1055133720
-752805041
1054460497
1068905648
-934114841
-78001397
1017900251
492196065
-1056781299
-945637183
956009527
-118836658
-11388504
-275952670
-11655701
-656279932
-486681579
-976089083
-899995297
89470702
876933868
817939989
-491130171
20905687
-653081288
793280351
-667217577
616745494
1061132387
311476055
-183643721
-418510159
-870651439
977053302
-319614129
-830752891
378486262
-342809678
-237083660
-909942074
709935424
-908644453
-1031379715
-451094631
262647929
141757823
-159025627
-496943031
-729315244
625579800
1053535081
861066699
-658244054
-735277822
138610665
827593822
676642969
-1037634764
-374930676
771193506
1001979495
-106794784
78664745
468766750
128694436
-159466355
97912590
403763819
-629548692
-481030788
889510033
102051034
510334158
121214431
349035035
-986507926
902729926
495519067
-592617907
879359000
-967027205
657986443
774581637
-691883960
-289634497
1065423284
1001718156
-473479283
170222142
464749799
859064884
-258290768
-752809921
539347241
494942593
574286030
-408154872
-631194914
116201456
26473561
-436350798
985557248
744087736
372277752
309042903
366268535
322774485
-596802764
871864059
-937059173
-497927018
3927259
373054721
-861146385
61321662
-40311473
-460942892
822166748
267388323
-469402780
-619900270
267528641
1041608955
-93920264
408486335
494682481
288583680
-455589824
705599226
-716300685
-1036920835
907471939
-983058464
117585934
-378850714
38950250
-187607226
-915544913
936813059
424171490
-516120873
-797090781
509316816
28779919
1054137817
926269982
353262101
676181035
-907328951
160839622
-885564769
-261901496
705255788
942732968
-467328663
-186512668
-29665520
561345226
65734109
-874192555
-960289143
46433429
-766707416
130034128
-712686882
-309879975
-1053187074
-63980930
-408922464
-895223886
-816592591
-23336253
130065570
146992510
774632295
-327435845
-639616970
-938987950
652961956
989690850
-163259182
804199354
-816749010
792662562
44883724
438837480
470001066
511616895
-977562518
-546367917
475211986
969733936
30845947
-646731223
783699376
-253092988
-104512007
386716703
-1000789207
-468327454
444716219
-837792152
-716884687
750564063
-489700171
-934864533
-171890530
-116792260
-1035604841
-552074067
279592871
243841972
-828455578
329335175
564637393
-1004741836
-683709558
-283509330
-449222669
-474267431
201745930
427099412
-742185126
678218986
496187182
-94540672
-539703332
893604112
-229132992
-1027194024
-686760298
-301325013
-991680087
-345616833
-265117646
177948477
1023359722
110676290
-2880481
300023824
-700802354
977023522
11886919
565449346
735412289
-800580982
325507697
80376164
182314813
183697872
-732581308
407010846
-123627566
-882821039
-430084252
-433009193
748681362
536201350
-752977551
586053888
-766663517
-109155748
-377818080
-420875938
-1071985209
345209871
230351936
249847597
776823649
379913764
-34038704
547653777
-648019142
-196230104
-527011943
-364363859
-524897875
-257607743
161394512
-830646222
463100368
-479608147
1057943259
-804575658
193730074
-168048376
-483422390
-214596386
69287942
759356335
-818375476
-207461610
364464288
-524948989
-811286078
428530529
-1048684247
752844065
515111878
690016688
-96355740
30865675
-390203571
-80602904
-152762924
608692141
-652858186
-969792990
-534700692
-775927181
-446557313
-84725145
-325325876
924775759
140683197
-663215933
190704876
169537651
-598592235
-26763989
-841450025
-587406652
135752754
-842400267
-674368196
767788006
967753197
-740649343
881624026
-1072949572
-213188476
-891972129
235723782
53996353
1070488395
-255103972
-475684132
476572080
-161711442
211990821
52733902
638002055
199691548
-174996648
809428275
-725782837
213223167
-780634989
325601350
-205322326
923348663
44294631
977551870
279853851
-752979598
-442214202
687873643
955521190
-873693548
201258466
889726423
-646632046
925117682
279167731
514360399
579814862
-368105945
-147759815
541784663
-917686392
-334472271
1060053983
-282962688
409842786
245809748
-259592719
-231428622
35267692
770922185
-425244457
-1042975589
-985233442
467888785
64437846
-759153502
1070817710
-79677733
1046782730
86333583
816490944
-687556158
628485249
689518487
-80689393
226155233
191401969
-419983515
-276655625
901830222
-138090641
-613725097
823746102
-109579799
-621764309
468470004
260967914
-209880772
971552125
-1046229384
55847713
-5308042
678159476
97049994
40241681
115013263
-333529780
-341492175
117109717
891186806
189934442
-376154231
-327133120
806438397
-701133347
-76754698
892274771
-851344197
693982265
98957724
-592086887
-123794997
1017587169
-206964430
311429879
-308772998
-911961973
-102381580
281567599
483039183
819281163
-79171910
-1040926683
323129595
85569242
226430938
191907695
-143326977
149391880
912864884
-689590655
858385017
820535643
189067160
-530291445
683612383
734792841
-178968042
-598067638
-582892466
1060603542
-58138914
988398334
-805273961
-36088864
433553608
607587035
-883530130
-221482793
941831703
-1016922129
-779049876
-627914821
865195721
336535683
-470864062
-502255842
-731007208
677517573
-1058941017
672067531
-205572718
-1012502858
-641557282
-436808767
753931479
800862587
661538984
813677543
954833718
-508119440
809260046
826850862
-868320477
-736142799
16192240
240962619
319914870
-210351393
227879167
-322051773
713692992
329931419
-443202248
397392051
-1060671716
593549710
-486725926
-723842022
-782000236
872839216
-98768638
-721266302
-977835086
-205377067
324507620
-188665312
355457881
-528269687
-548271177
812584767
-618226581
-914158203
-519500338
1017033336
885926632
649348935
-126892818
693307959
451068209
-474490787
190277910
-837639954
-806285305
-166657414
25247752
-115174642
-450642100
-193890301
601612640
-61731548
-995576436
-417956408
235717452
903828122
568273179
793777375
-997782067
471812878
614430549
778775905
680572912
514890140
504219087
-1034428218
-290001950
-534562237
310929955
-1065045056
-346901803
-551704337
-446490052
-846733224
-69277431
505974556
-130030499
-900749096
184580935
896137711
418836440
229814631
675408266
-105309797
639501575
-1017552076
-341633966
143885777
-480191051
253318422
-532787078
278728161
201014492
-33833107
-127679579
443747779
-893005946
-599263841
413927533
-440644394
-597240583
973793360
379787903
578708361
-1051226484
1035251669
449612573
-421418329
177174583
-561701227
753007868
1034727553
-188331808
1050696401
-867374858
165689349
861780531
516194608
-704861633
1073528465
-47965790
-877047989
467259933
496667132
574660624
-273492617
-113785662
337461119
733647276
-536858433
-624583319
191627558
-1037293723
-780186059
530536999
-172550875
-632144303
-730942401
-331329308
-445377838
-347484197
307647757
-13112539
-220620346
996946521
115370253
-761157118
1044615191
500900149
-828681898
-729713850
-1056380980
-873624232
750616805
-1018878732
-429134279
-624020210
321155223
-1026788983
309207361
649921644
-974678149
158860549
-865038700
-360432179
637038224
333508668
933869768
449997226
-999785881
553213222
-610662705
38408016
437148977
-814248945
-87574249
70792273
493023629
277616340
-701798240
-654137845
-225481632
-1023115897
1070992551
142542992
398821147
756742894
-948336218
-612126739
974828062
844406839
396150462
-148684819
-851489044
233748848
-899396577
-786164691
311095976
159152729
284715459
778334461
-235491433
443937168
11658672
-520324439
-507615166
144262593
894841166
84866860
394406218
975124838
936126676
140104916
-538932339
31717180
1020418163
-642286677
1067654837
-825940398
-681587781
853665017
-340403424
-493468020
645423748
132676666
860003398
-1037282101
-698502984
-991312232
694788989
-551438609
19227448
599905275
842014964
252932210
316550801
142505564
274581361
993566313
-779336261
-58047761
807560544
-833274892
157702111
228547051
746358839
-970379690
568071714
112391819
-210098952
-258172633
135217964
774555701
-141800310
-1005946087
-410499036
-305327774
172418188
-315977426
437212114
100438334
-821728760
473662470
196280319
787559106
705543054
-835822636
136675482
-809597401
719973304
-978043855
45701484
1008271292
785521466
590309518
-362373965
921370930
-635479291
162042127
-10374942
-924145229
232822585
34170280
-403923089
-813601362
684361680
-721587306
-299111758
24541111
819703014
-554022723
-521671591
65851449
-181579890
-250617856
88324968
191254013
-846558088
608327144
-544040232
-375632306
-679057880
474866962
-711659678
-769706619
-286662777
299247985
-863650145
214808283
561192328
455191910
-377375792
1045750983
67015230
228769257
49328020
-469104211
424881647
-106002829
498785574
428820265
-387278187
753104220
20074860
1003749309
-164725427
-689969052
12202125
-31324849
-20725532
-552984357
307518578
185111308
-1063458785
826965838
626961152
-736752457
111962027
-1028060995
-320297821
-1066301679
-584054582
-832622146
-181745147
-75163579
346968898
-850463731
-473406841
973729835
618594298
-193975921
782553779
-454608869
249000593
226832784
-449480107
913619899
267664478
-804791315
-598140283
-137209631
-854022633
-241197403
618513557
824522868
402473628
-49147636
821972820
-928264899
241600688
430878795
-314550771
968465919
356283859
-866718730
-717504841
1036768300
396113846
-563906015
888457107
-150497965
-65216740
-37227687
-745431447
-460119468
-257943056
-722094274
877952517
643481698
-14158447
-937486193
-287091521
-688756477
-733304630
949735822
-670698890
124076671
972908197
642760786
-802963618
837017439
126826436
-1038816650
216660477
-983414883
701291944
55167571
396590280
1029097639
-328811445
365224512
32181714
233475409
-674116497
-57763399
-25087076
101514786
-990079496
283271294
472814501
637200910
978399836
337124396
-725886516
-907381275
1000167055
-566830206
-98032412
-307440284
-258382469
-904801495
-932774320
926337783
-471365103
-621764252
34527025
-484380614
511957420
920902369
42012589
525387213
163479119
-200876342
406094951
-719614922
-872879857
-569380189
-974412540
-581704780
-1031861336
-995121256
968823423
366163100
-856319028
308315446
-586824404
-785391766
-722052018
-563609884
-666649780
510735698
-694980555
-471224329
-1033359554
-273532808
748336271
-1022501078
-222014117
868492243
93463258
811355072
289645183
134331307
746994421
965493122
143563380
1017407024
987985412
237696175
-371120596
-15987942
-692862902
-979818862
578646391
445299750
-759629084
-352251514
381964770
-513464911
-604141821
721788360
-820235054
-187120026
-627845140
-703865673
-554724022
-870780974
-916583305
85970413
237763351
122916454
181834276
244673313
298483730
-856769912
653446978
447151300
-938811634
609226593
-396831547
259110304
-114685409
-90256286
-46065466
919705477
226314197
991018251
310196470
-272785522
-33891531
628746519
-717437892
-270190050
-61263807
-757396315
-498528829
292552550
-334654536
553834769
-409925897
-471812185
-980193312
187694238
519971103
909944608
-511372354
-956698005
-810862470
330834646
-248577673
-775250996
750159398
860449731
375833518
-195387445
923245151
631428268
479087805
516002649
964845252
473246990
-926098417
-523572840
222306473
-151292415
262565179
660647008
226992894
-571416979
976924020
-788726635
22886679
103941823
630487685
406018558
-1029445524
-504721935
-896341859
-998067329
283677568
-581966464
622121103
113328069
-938464390
-234197751
-584063413
-544006785
557967967
-980559857
-983804106
-344147229
914789877
906090609
-727846992
-247331028
934660514
746329060
1003735672
342059414
426395777
-1033085005
293045686
380207698
81156077
-1019460320
-818609543
550548168
-244244080
-767373946
14920105
461729218
395713983
5084919
210385822
922898224
-716208754
-484429861
-415881963
-658440893
748998043
-865420315
-628138425
-1009856452
887498574
215539657
858902818
-243908050
781061162
-1023806025
-940226812
890120271
-479080558
216238457
-965943374
-287329663
454703288
244260060
285675188
1060385644
758982004
504640531
1062675022
-608456293
577844208
167749988
-114208314
-560120211
-581667376
-718714336
-245214483
530716579
-192992971
-293029342
887847249
-452161730
935033850
-626351841
-674473028
-87311708
-786737760
-142140049
-1065155994
64810228
212150595
-90537551
-276062613
583791886
259051669
71391289
541640270
-480041020
690842932
578334631
81608051
549203669
-248949874
-532435168
648036868
-134045345
169147690
102199779
552952665
827942062
903479916
-87151297
-59711667
-445393926
-721478352
-1010656636
-464418244
127119562
53621462
-170611349
-931578979
-524494015
1018259121
3706541
976012540
-233844098
-697551733
353427779
-234590111
559676430
349540895
318066322
-241826218
68859334
-746579529
900094402
461462495
304360538
-105038605
-78676598
-391616258
42925133
-426213770
383291121
293332857
306944707
279426025
-152606125
375748637
-181631809
-867610343
-598546514
175657364
925644709
84523290
837293683
-542017856
-589172119
889756098
-763182495
875590746
523648097
123161881
697974453
-1007573011
797456003
-664190136
495156250
716377544
110408504
835679790
-104242429
231511882
-644868394
-325590441
454850953
367331542
-301727845
-674625157
-310718836
-728997807
639743558
379157836
-531550652
-907754613
-1000708527
-469274268
-881418457
983758446
237903203
130831732
-620550852
-422618940
591566065
176322391
-148713860
-170889870
250790186
489336245
-1071249468
342353823
-811062707
843319835
506476692
-848608939
-932246480
-187722998
252028728
371251819
-833208668
465110748
-879123162
-615866898
-1001658854
238920935
303956889
336015537
-45618412
-401997594
-663433481
-70080654
-441107642
703061154
-435858424
353355129
-1037381229
-973796856
-753570886
-106773994
581273068
1014781395
786960141
-951674904
-23878198
682195335
352465980
560323117
-953985866
-361687562
-988351997
-765455485
442807354
220575020
-532943717
172272711
586208211
542299363
-1054406253
288118799
350644775
-224986940
-61445149
-8778519
573396077
-61487975
-266094244
778862818
756145871
-902095267
-337402701
394866931
-244788022
-576169731
-665664466
-1047925231
-779265615
-1018927651
-223302647
630584581
-307656591
235409428
386552843
665815880
685431820
-146850386
-984300850
-782293423
-1058840628
437795392
1638948
-171632432
574138304
460982762
-627942334
-1034237467
727814359
217760317
121626305
-3378526
531875966
-68227764
-150329460
-361470725
446832102
-475335672
473856264
304142632
-370369986
607096877
734008901
485311741
-836542621
748308099
-1041176698
421017818
1041060456
986900819
535979457
1038010192
-358380996
-401661331
-922759225
327578149
-428701668
870647217
516072968
-153181813
-61720451
-574248262
916614818
-861757009
-293225813
517525510
19972672
-45799024
141816220
1012040770
-876550
-103913356
575265606
-193209957
753404207
378903824
-285756942
-154689925
-497883516
-121687247
706335665
-378789512
6173680
663251497
-58821885
-182781356
-1050250080
176784128
857280296
-376447765
616853347
976713460
760525744
-875596962
320549704
135148859
886440395
17776547
-565550270
132934021
-1042415679
-815823103
38128367
743033536
77508927
391136003
322124429
856748188
-453871643
-135652126
273656633
822456724
117914528
7630576
-499340488
-37680587
-995206526
698437399
511119992
443255473
-266182394
165191953
-1059586442
-377533139
506694292
377172249
-417261925
771388456
585894348
-971582098
968169597
-863293358
-589490025
228890898
264088636
828264349
-530198496
-49680897
69173418
156848760
224709055
758507298
465416072
766053099
384140961
-1001161957
-861050444
883802739
91922595
178900402
689630090
325969999
-1038761476
-454851818
666941749
383272850
-1068604092
110500115
-17685877
1010746831
-332898608
-771601830